1
110
100110
10011
1100
11
0001000
100111111
10
11010
10
100000110
111110
100
0000
000011
00
1100
1100110
1011101
1
000100
11100
0111
0
1
001
1000111101
1111010111
1011
1
111110
1110111111
01101110
11010100
01101
110101101
01111
110
011110
111
10
0111110001
110101
1000010
000101
11110
011
0110111000
0
010110
1100100101
11101111
01011110
001111000
1
0000111111
00
0
0101010000
01011101
100111011
0
01011
1111010111
00010
0000001
10
00001011
111101000
11
1010
00100011
110101010
11001
100001
000
011110111
101110110
0011
10
0110
0111000011
111011
1110
11101
00011111
1
11
01101010
0101
0101111101
0011111
00110
00
010010010
0
1010000
001100001
1100111111
